function [h_fhat,s_hat,a0,a1,a2,a3,a4] = CH4_properties
h_fhat = -74850; % [kJ/kmol]
s_hat  = 186.16; % [kJ/kmol K]
a0 = 0.5149876130e+01;
a1 = -0.1367097880e-01;
a2 = 0.4918005990e-04;
a3 = -0.4847430260e-07;
a4 = 0.1666939560e-10;
end