function [h_fhat,s_hat,a0,a1,a2,a3,a4] = CO2_properties
h_fhat = -393520; % [kJ/kmol]
s_hat  = 213.69; % [kJ/kmol K]
a0 = 0.3857460290e+01;
a1 = 0.4414370260e-02;
a2 = -0.2214814040e-05;
a3 = 0.5234901880e-09;
a4 = -0.4720841640e-13;
end