function [h_fhat,s_hat,a0,a1,a2,a3,a4] = CO_properties
h_fhat = -110530; % [kJ/kmol]
s_hat  = 197.54; % [kJ/kmol K]
a0 = 0.2715185610e+01;
a1 = 0.2062527430e-02;
a2 = -0.9988257710e-06;
a3 = 0.2300530080e-09;
a4 = -0.2036477160e-13;
end