function [h_fhat,s_hat,a0,a1,a2,a3,a4] = H2O_properties
h_fhat = -241820; % [kJ/kmol]
s_hat  = 188.72; % [kJ/kmol K]
a0 = 0.3033992490e+01;
a1 = 0.2176918040e-02 ;
a2 = -0.1640725180e-06;
a3 = -0.9704198700e-10;
a4 = 0.1682009920e-13;
end