function [h_fhat,s_hat,a0,a1,a2,a3,a4] = H2_properties
h_fhat = 0.0; % [kJ/kmol]
s_hat  = 130.57; % [kJ/kmol K]
a0 = 0.3337279200e+01;
a1 = -0.4940247310e-04;
a2 = 0.4994567780e-06;
a3 = -0.1795663940e-09;
a4 = 0.2002553760e-13;
end