function [h_fhat,s_hat,a0,a1,a2,a3,a4] = N2_properties
h_fhat = 0.0; % [kJ/kmol]
s_hat  = 191.50; % [kJ/kmol K]
a0 =0.2926640000e+01;
a1 =0.1487976800e-02 ;
a2 =-0.5684760000e-06;
a3 = 0.1009703800e-09;
a4 = -0.6753351000e-14;
end