function [h_fhat,s_hat,a0,a1,a2,a3,a4] = O2_properties
h_fhat = 0.0; % [kJ/kmol]
s_hat  = 205.03; % [kJ/kmol K]
a0 = 0.3282537840e+01;
a1 = 0.1483087540e-02;
a2 = -0.7579666690e-06;
a3 = 0.2094705550e-09;
a4 = -0.2167177940e-13 ;
end