function [J] = Jfk(n1,n2,n3,n4)
f11 = 1;
f12 = 0;
f13 = 1;
f14 = 0;
f15 = 0;

f21 = 0;
f22 = 2;
f23 = 0;
f24 = 2;
f25 = 0;

f31 = 2;
f32 = 1;
f33 = 1;
f34 = 0;
f35 = 0;

f41 = 0;
f42 = 0;
f43 = 0;
f44 = 0;
f45 = 2;

f51 = - ((n3 * n2) / (n1^2 * n4));
f52 = n3 / (n1 * n4);
f53 = n2 / (n1 * n4);
f54 = - ((n3 * n2) / (n1 * n4^2));
f55 = 0;

J = [f11, f12, f13, f14, f15;
     f21, f22, f23, f24, f25;
     f31, f32, f33, f34, f35;
     f41, f42, f43, f44, f45;
     f51, f52, f53, f54, f55];
end